model_1: [309.286304, 171.93477 ]
model_2: [9.409781e+01, 7.200352e+03, 1.505220e-01, 1.030846e-02, 4.879118e+02,
 1.572812e+04]
model_3: [2.396666e+03, 2.758407e+01, 6.606093e-02, 2.305825e-01, 3.312187e+04,
 3.528812e+04, 6.904501e+04, 1.291231e-02, 8.385371e+05]
model_4: [3.285574e+01, 1.969017e-01, 3.734219e+03, 6.877238e+04, 1.241597e-02,
 3.055743e+05]
model_5: [1.528632e-01, 1.047855e+01, 4.287841e-01, 6.585646e+04, 6.425108e+04,
 1.226477e-02, 3.007091e+05]
model_6: [1.529590e-01, 1.034753e+01, 4.340716e-01, 6.661293e+04, 1.287415e-02,
 3.443228e+05]
two_stage_current: [160.,  64.]
